$www.google.com
0.014954566955566406
0.013783454895019531
0.014809370040893555
0.014490842819213867
0.014953851699829102
0.014941930770874023
0.011953115463256836
0.012422800064086914
0.012565851211547852
0.013027429580688477
0.012579917907714844
0.013505935668945312
0.012466907501220703
0.012700796127319336
0.012780189514160156
0.013512849807739258
0.012604713439941406
0.012661457061767578
0.012529850006103516
0.012905120849609375
0.012772083282470703
0.012588977813720703
0.012999534606933594
0.013230562210083008
0.012801647186279297
0.01293635368347168
0.012816190719604492
0.012856721878051758
0.012694597244262695
0.012467622756958008
0.012682437896728516
0.012773990631103516
0.012252092361450195
0.012441873550415039
0.012250423431396484
0.012257099151611328
0.013234615325927734
0.01322627067565918
0.012991189956665039
0.012785911560058594
0.013366937637329102
0.012326240539550781
0.013321638107299805
0.012557268142700195
0.012529850006103516
0.01253509521484375
0.01563119888305664
0.013824224472045898
0.013338804244995117
0.01580047607421875
0.01317596435546875
0.014336347579956055
0.01464700698852539
0.016347408294677734
0.013548612594604492
0.022307157516479492
0.01962876319885254
0.014015674591064453
0.01314544677734375
0.01424860954284668
0.013434410095214844
0.013615608215332031
0.014531373977661133
0.013800382614135742
0.014253377914428711
0.01996636390686035
0.02126336097717285
0.02117466926574707
0.017853498458862305
0.015078067779541016
0.015930652618408203
0.015702247619628906
0.01572394371032715
0.01560521125793457
0.01551198959350586
0.015463113784790039
0.015584468841552734
0.015555381774902344
0.01658940315246582
0.015669584274291992
0.012972354888916016
0.012869596481323242
0.013817787170410156
0.012595415115356445
0.012598752975463867
0.012891530990600586
0.0127105712890625
0.012750864028930664
0.01242375373840332
0.012454032897949219
0.012908220291137695
0.014179706573486328
0.012495756149291992
0.012613296508789062
0.012510538101196289
0.012324333190917969
0.012850522994995117
0.012983322143554688
0.012758970260620117
0.013332366943359375
$www.facebook.com
0.0291445255279541
0.028908729553222656
0.029056072235107422
0.028812170028686523
0.0285189151763916
0.028551340103149414
0.02840447425842285
0.028687715530395508
0.028692007064819336
0.028887033462524414
0.028131484985351562
0.028920650482177734
0.028453826904296875
0.03170013427734375
0.029176712036132812
0.02951216697692871
0.02843499183654785
0.028162240982055664
0.028638124465942383
0.03342628479003906
0.03522205352783203
0.03363633155822754
0.03366398811340332
0.03344225883483887
0.03357982635498047
0.03258800506591797
0.028934001922607422
0.029213905334472656
0.028774261474609375
0.028958797454833984
0.029045581817626953
0.02904367446899414
0.028964757919311523
0.03060603141784668
0.030982017517089844
0.030727624893188477
0.030893802642822266
0.030803442001342773
0.030940532684326172
0.03074049949645996
0.03150296211242676
0.031121492385864258
0.03221392631530762
0.03178596496582031
0.03261709213256836
0.02837371826171875
0.029124975204467773
0.029193401336669922
0.028905630111694336
0.02892160415649414
0.029162168502807617
0.028869152069091797
0.028873920440673828
0.028957605361938477
0.02647709846496582
0.0218353271484375
0.022083282470703125
0.026214122772216797
0.02826976776123047
0.02826833724975586
0.02708292007446289
0.027768373489379883
0.028045654296875
0.0270235538482666
0.029433727264404297
0.026868581771850586
0.02660679817199707
0.028090715408325195
0.02904224395751953
0.030176162719726562
0.031061410903930664
0.032590627670288086
0.02956414222717285
0.029447078704833984
0.02900075912475586
0.030152320861816406
0.027158498764038086
0.03415942192077637
0.033710479736328125
0.02926349639892578
0.022893667221069336
0.021456480026245117
0.023374557495117188
0.021872520446777344
0.021754980087280273
0.02197122573852539
0.022124052047729492
0.025852441787719727
0.02307891845703125
0.020849943161010742
0.021312952041625977
0.02158188819885254
0.021856307983398438
0.02222442626953125
0.02105402946472168
0.021306753158569336
0.021332263946533203
0.021835803985595703
0.021333694458007812
0.02129340171813965
$www.yahoo.com
0.21458864212036133
0.23916912078857422
0.3161334991455078
0.31527161598205566
0.23856759071350098
0.2892582416534424
0.3358020782470703
0.295881986618042
0.21448206901550293
0.22712135314941406
0.26476430892944336
0.2761809825897217
0.2776482105255127
0.27177929878234863
0.29024338722229004
0.25003767013549805
0.2350611686706543
0.3014872074127197
0.27970004081726074
0.27224302291870117
0.31554722785949707
0.2921736240386963
0.3983924388885498
0.2518622875213623
0.29090142250061035
0.19753503799438477
0.22548246383666992
0.23119640350341797
0.23337626457214355
0.22423076629638672
0.22152161598205566
0.23760151863098145
0.2808511257171631
0.27370643615722656
0.2739229202270508
0.24018359184265137
0.23932552337646484
0.24996232986450195
0.24355101585388184
0.27881312370300293
0.2797250747680664
0.286818265914917
0.32579970359802246
0.32930731773376465
0.30460381507873535
0.2662642002105713
0.2676677703857422
0.24339842796325684
0.2809884548187256
0.31375646591186523
0.293670654296875
0.325239896774292
0.28288793563842773
0.28701305389404297
0.2951204776763916
0.3854212760925293
0.2808094024658203
0.2242274284362793
0.22203326225280762
0.2185194492340088
0.2122664451599121
0.25074219703674316
0.2229757308959961
0.20942068099975586
0.24071097373962402
0.24504566192626953
0.24257826805114746
0.2394871711730957
0.23296785354614258
0.2316272258758545
0.23255705833435059
0.24321222305297852
0.23245501518249512
0.24270153045654297
0.24116301536560059
0.23797607421875
0.26577186584472656
0.30527234077453613
0.2811758518218994
0.2912294864654541
0.2867164611816406
0.30944085121154785
0.24931621551513672
0.27225756645202637
0.24808049201965332
0.23590421676635742
0.21099519729614258
0.21303415298461914
0.23926734924316406
0.2900984287261963
0.3052854537963867
0.33351683616638184
0.370319128036499
0.2666342258453369
0.3015718460083008
0.3250460624694824
0.27829575538635254
0.27494192123413086
0.2879447937011719
0.3206155300140381
$www.wikipedia.org
0.03713393211364746
0.04116320610046387
0.0395662784576416
0.03932642936706543
0.039191484451293945
0.03888392448425293
0.03928828239440918
0.041089534759521484
0.03915119171142578
0.04014158248901367
0.038854122161865234
0.03833317756652832
0.03951382637023926
0.03894782066345215
0.039353132247924805
0.039060354232788086
0.04329371452331543
0.0397796630859375
0.046094417572021484
0.037114620208740234
0.04241442680358887
0.03808403015136719
0.0464472770690918
0.03724265098571777
0.0426785945892334
0.04076027870178223
0.04125571250915527
0.04131770133972168
0.03893613815307617
0.03921914100646973
0.03946685791015625
0.03961610794067383
0.03861045837402344
0.03875732421875
0.03836488723754883
0.03972268104553223
0.038007259368896484
0.039286136627197266
0.039292097091674805
0.038789987564086914
0.03889918327331543
0.03880810737609863
0.0476069450378418
0.04208993911743164
0.046228647232055664
0.04432797431945801
0.043303728103637695
0.044498443603515625
0.043607234954833984
0.04429483413696289
0.04407000541687012
0.04614448547363281
0.04389214515686035
0.04425978660583496
0.044390201568603516
0.03965640068054199
0.03923344612121582
0.03900408744812012
0.03797650337219238
0.03943634033203125
0.03954148292541504
0.04036116600036621
0.039078712463378906
0.03905987739562988
0.039687156677246094
0.0430147647857666
0.03934168815612793
0.03977084159851074
0.04208183288574219
0.04346656799316406
0.04350590705871582
0.04554128646850586
0.0444180965423584
0.05046343803405762
0.045889854431152344
0.045763254165649414
0.04511618614196777
0.046730756759643555
0.04620361328125
0.04308199882507324
0.04614591598510742
0.044208526611328125
0.042371273040771484
0.04283428192138672
0.03964543342590332
0.04008316993713379
0.03913402557373047
0.04443025588989258
0.03901934623718262
0.04001355171203613
0.03982663154602051
0.03912186622619629
0.03909873962402344
0.0387730598449707
0.03853607177734375
0.03895163536071777
0.040465354919433594
0.038954734802246094
0.03878498077392578
0.038336992263793945
$www.amazon.com
0.2204570770263672
0.2025437355041504
0.22617173194885254
0.2706465721130371
0.2477257251739502
0.23991012573242188
0.23669052124023438
0.22712206840515137
0.2324676513671875
0.2243356704711914
0.26363301277160645
0.24082350730895996
0.25640034675598145
0.1845855712890625
0.18975400924682617
0.1870121955871582
0.1851797103881836
0.18333005905151367
0.19165873527526855
0.18475723266601562
0.18988347053527832
0.19647002220153809
0.1927812099456787
0.18950605392456055
0.18256330490112305
0.18913769721984863
0.1882643699645996
0.23376703262329102
0.256558895111084
0.2271103858947754
0.23082613945007324
0.23162126541137695
0.23008012771606445
0.22951316833496094
0.24534225463867188
0.24026751518249512
0.19201278686523438
0.19261908531188965
0.18678832054138184
0.18284058570861816
0.18805456161499023
0.18536376953125
0.18717145919799805
0.22786617279052734
0.24128174781799316
0.2513563632965088
0.24594664573669434
0.2513866424560547
0.27781176567077637
0.2511601448059082
0.22037744522094727
0.18995380401611328
0.21045279502868652
0.20303869247436523
0.1735992431640625
0.17083454132080078
0.16782617568969727
0.17339444160461426
0.16930532455444336
0.16646051406860352
0.17326807975769043
0.16863703727722168
0.17606520652770996
0.1667025089263916
0.2199113368988037
0.22255825996398926
0.22460317611694336
0.24309206008911133
0.2354903221130371
0.23604345321655273
0.19985342025756836
0.18440675735473633
0.18987584114074707
0.17955350875854492
0.23105692863464355
0.19190716743469238
0.1930384635925293
0.22145438194274902
0.2183239459991455
0.1789689064025879
0.1750626564025879
0.16547822952270508
0.17053604125976562
0.16941332817077637
0.18326783180236816
0.1711874008178711
0.1784205436706543
0.16353082656860352
0.1705031394958496
0.17493176460266113
0.1700735092163086
0.16586971282958984
0.1733238697052002
0.22468185424804688
0.1763756275177002
0.23263978958129883
0.22008585929870605
0.224531888961792
0.19681715965270996
0.18589997291564941
$www.bing.com
0.043731689453125
0.05939364433288574
0.07343196868896484
0.05895519256591797
0.06911015510559082
0.06093549728393555
0.06130194664001465
0.0615994930267334
0.0541682243347168
0.05684208869934082
0.05813241004943848
0.05807161331176758
0.057341575622558594
0.057662010192871094
0.05754375457763672
0.0583343505859375
0.054004669189453125
0.05745196342468262
0.044983863830566406
0.05036163330078125
0.044699907302856445
0.05648064613342285
0.050118207931518555
0.04305839538574219
0.04188060760498047
0.04580068588256836
0.045801401138305664
0.043776512145996094
0.04568934440612793
0.04381370544433594
0.045510292053222656
0.04166102409362793
0.04162788391113281
0.043521881103515625
0.04145026206970215
0.0432283878326416
0.042260169982910156
0.042987823486328125
0.04131150245666504
0.04473733901977539
0.04318094253540039
0.045424461364746094
0.04425406455993652
0.04393172264099121
0.04200935363769531
0.04552602767944336
0.043453216552734375
0.04435467720031738
0.045744895935058594
0.044077396392822266
0.04382681846618652
0.04549908638000488
0.04396462440490723
0.04576373100280762
0.04658651351928711
0.04598641395568848
0.04363417625427246
0.04412484169006348
0.044092655181884766
0.04608511924743652
0.04114532470703125
0.04653668403625488
0.041819095611572266
0.048177242279052734
0.04463768005371094
0.0578157901763916
0.0486757755279541
0.05122065544128418
0.05307435989379883
0.05473208427429199
0.05352020263671875
0.05390024185180664
0.053981781005859375
0.05470013618469238
0.06282854080200195
0.045751333236694336
0.04364347457885742
0.04162716865539551
0.04381084442138672
0.04136395454406738
0.043469905853271484
0.04549288749694824
0.0417935848236084
0.04930543899536133
0.04443001747131348
0.041672468185424805
0.04400014877319336
0.044890403747558594
0.043274641036987305
0.0441899299621582
0.043219804763793945
0.03947257995605469
0.04243588447570801
0.04413557052612305
0.041990041732788086
0.04027891159057617
0.04443979263305664
0.04030418395996094
0.037992000579833984
0.041945457458496094
$www.twitter.com
0.05633735656738281
0.06539726257324219
0.07290983200073242
0.07475447654724121
0.07473468780517578
0.07411789894104004
0.08077239990234375
0.08063077926635742
0.08703470230102539
0.0812985897064209
0.08188438415527344
0.08192586898803711
0.08082723617553711
0.0779111385345459
0.06722474098205566
0.0628669261932373
0.055086374282836914
0.05785942077636719
0.06756448745727539
0.059134483337402344
0.06832027435302734
0.05955147743225098
0.05793309211730957
0.057710886001586914
0.059334516525268555
0.05889749526977539
0.056162118911743164
0.05652570724487305
0.05794358253479004
0.05590200424194336
0.057851552963256836
0.05670666694641113
0.058074235916137695
0.057366132736206055
0.05814838409423828
0.056519508361816406
0.058074951171875
0.056975364685058594
0.05681586265563965
0.05861234664916992
0.057056427001953125
0.059868812561035156
0.05953693389892578
0.07567405700683594
0.07177615165710449
0.07176804542541504
0.07438802719116211
0.07204437255859375
0.07296252250671387
0.07406878471374512
0.07221794128417969
0.07270932197570801
0.07189154624938965
0.07140016555786133
0.07234764099121094
0.0730433464050293
0.07043337821960449
0.07218098640441895
0.07355141639709473
0.07702326774597168
0.07170391082763672
0.07366085052490234
0.07434749603271484
0.07646846771240234
0.07214498519897461
0.07321572303771973
0.061270952224731445
0.06146860122680664
0.06781792640686035
0.061102867126464844
0.06097674369812012
0.06316232681274414
0.06159687042236328
0.062393903732299805
0.06072664260864258
0.06075692176818848
0.06305384635925293
0.06326699256896973
0.06394386291503906
0.06048083305358887
0.06272482872009277
0.06122899055480957
0.10057449340820312
0.07847905158996582
0.07499074935913086
0.07194137573242188
0.0716397762298584
0.07177448272705078
0.07166075706481934
0.07162237167358398
0.07172155380249023
0.07204675674438477
0.07377791404724121
0.0714104175567627
0.07195639610290527
0.07591533660888672
0.05898880958557129
0.061226606369018555
0.06435036659240723
0.06415271759033203
$www.reddit.com
0.37626171112060547
0.39243268966674805
0.4767887592315674
0.5137276649475098
0.44388604164123535
0.5295560359954834
0.4692807197570801
0.4595353603363037
0.47307610511779785
0.4456031322479248
0.4774796962738037
0.4485208988189697
0.3929717540740967
0.4008173942565918
0.3809177875518799
0.38609910011291504
0.4609856605529785
0.4616203308105469
0.517960786819458
0.48209357261657715
0.4461700916290283
0.5259015560150146
0.48628711700439453
0.4356815814971924
0.5171728134155273
0.4081075191497803
0.3467142581939697
0.3493685722351074
0.35436105728149414
0.343428373336792
0.45627474784851074
0.4802258014678955
0.38514089584350586
0.4503917694091797
0.5244927406311035
0.4534463882446289
0.45185208320617676
0.45076608657836914
0.4458644390106201
0.39351558685302734
0.37798333168029785
0.3738083839416504
0.46085238456726074
0.3841552734375
0.38502025604248047
0.3896777629852295
0.3548445701599121
0.33745884895324707
0.3521096706390381
0.3618302345275879
0.35754942893981934
0.34091877937316895
0.35591959953308105
0.3594844341278076
0.3506786823272705
0.36672234535217285
0.45135927200317383
0.5179028511047363
0.4772074222564697
0.37629222869873047
0.3882637023925781
0.3861081600189209
0.3888528347015381
0.4024813175201416
0.3968775272369385
0.38675880432128906
0.44607090950012207
0.4509124755859375
0.4861147403717041
0.5217556953430176
0.4596438407897949
0.4348735809326172
0.3414320945739746
0.36416149139404297
0.48952627182006836
0.43807029724121094
0.3886075019836426
0.38849592208862305
0.39467358589172363
0.4147343635559082
0.4790945053100586
0.4651811122894287
0.4955878257751465
0.4698188304901123
0.4442634582519531
0.4276399612426758
0.5132834911346436
0.5008072853088379
0.40662670135498047
0.4205586910247803
0.5304949283599854
0.4705057144165039
0.4101710319519043
0.4021170139312744
0.39183712005615234
0.3807194232940674
0.3804922103881836
0.37813496589660645
0.384843111038208
0.503530740737915
$www.linkedin.com
0.06739544868469238
0.06841874122619629
0.06772136688232422
0.0673666000366211
0.06755256652832031
0.06727266311645508
0.07017254829406738
0.06795358657836914
0.0697329044342041
0.06813549995422363
0.06888818740844727
0.06857466697692871
0.06829190254211426
0.09114265441894531
0.05402493476867676
0.0688321590423584
0.07764673233032227
0.04878687858581543
0.04539847373962402
0.046909332275390625
0.04845595359802246
0.04803466796875
0.04878520965576172
0.046787261962890625
0.046494483947753906
0.046133995056152344
0.05582141876220703
0.06305646896362305
0.047278404235839844
0.04431724548339844
0.05827069282531738
0.046533823013305664
0.05457472801208496
0.04680013656616211
0.04856538772583008
0.05290412902832031
0.07070517539978027
0.06868648529052734
0.05748605728149414
0.058957815170288086
0.059000253677368164
0.05960798263549805
0.058351755142211914
0.058434486389160156
0.05861473083496094
0.06010842323303223
0.05885028839111328
0.05887889862060547
0.06090354919433594
0.058637380599975586
0.05872964859008789
0.05885958671569824
0.060132741928100586
0.05946683883666992
0.05914139747619629
0.05003070831298828
0.04820084571838379
0.05560421943664551
0.058829545974731445
0.051575422286987305
0.050496816635131836
0.04974818229675293
0.04884982109069824
0.04927396774291992
0.04886484146118164
0.04785299301147461
0.0483853816986084
0.04764246940612793
0.04807233810424805
0.045453548431396484
0.0495762825012207
0.04921674728393555
0.047574520111083984
0.04768538475036621
0.04558849334716797
0.04797506332397461
0.046828269958496094
0.04598045349121094
0.05271315574645996
0.0655374526977539
0.053369760513305664
0.052229881286621094
0.050150156021118164
0.05191946029663086
0.05046200752258301
0.058712005615234375
0.051618337631225586
0.04990983009338379
0.04978799819946289
0.04995870590209961
0.050107479095458984
0.0506594181060791
0.04979372024536133
0.051320552825927734
0.0504145622253418
0.04976511001586914
0.049695730209350586
0.05072617530822754
0.05289936065673828
0.053288936614990234
$www.ebay.com
0.17274141311645508
0.17321062088012695
0.2553880214691162
0.15149426460266113
0.1560201644897461
0.15578842163085938
0.13876652717590332
0.1473238468170166
0.15716028213500977
0.15871310234069824
0.14725089073181152
0.15557003021240234
0.14503812789916992
0.14592576026916504
0.15627503395080566
0.1500377655029297
0.1510300636291504
0.14864611625671387
0.15775775909423828
0.18597745895385742
0.18606829643249512
0.20868468284606934
0.22571492195129395
0.238785982131958
0.23299121856689453
0.2136833667755127
0.19864678382873535
0.18288516998291016
0.1994633674621582
0.18075942993164062
0.22598958015441895
0.23685741424560547
0.21478533744812012
0.21488094329833984
0.21810221672058105
0.23410272598266602
0.2204885482788086
0.20594501495361328
0.19556164741516113
0.20650839805603027
0.21124529838562012
0.20566987991333008
0.20553183555603027
0.21750116348266602
0.2176814079284668
0.21443772315979004
0.20527005195617676
0.21394729614257812
0.2230701446533203
0.17714834213256836
0.14997410774230957
0.14922618865966797
0.1499497890472412
0.15071606636047363
0.1523592472076416
0.18244099617004395
0.218001127243042
0.22582221031188965
0.19774079322814941
0.17933344841003418
0.16200041770935059
0.16718792915344238
0.19412636756896973
0.15291571617126465
0.14316701889038086
0.14888501167297363
0.15356659889221191
0.14903616905212402
0.16486382484436035
0.1714174747467041
0.17194747924804688
0.17490530014038086
0.16292500495910645
0.16294074058532715
0.16841888427734375
0.16278767585754395
0.1635756492614746
0.16332197189331055
0.19254326820373535
0.22819972038269043
0.23233413696289062
0.20032358169555664
0.2081294059753418
0.20153069496154785
0.22597360610961914
0.197021484375
0.20341753959655762
0.22315263748168945
0.22162532806396484
0.1952805519104004
0.20073819160461426
0.1963634490966797
0.2054283618927002
0.2215421199798584
0.22841668128967285
0.17346763610839844
0.14426517486572266
0.1500101089477539
0.1427922248840332
0.13758587837219238
$www.instagram.com
0.024116992950439453
0.021263837814331055
0.022185564041137695
0.02492499351501465
0.026273727416992188
0.02727985382080078
0.027446746826171875
0.026254653930664062
0.02377009391784668
0.023417234420776367
0.02746725082397461
0.025443553924560547
0.021763324737548828
0.02316427230834961
0.022225141525268555
0.025875091552734375
0.026770353317260742
0.025723695755004883
0.028851032257080078
0.02602982521057129
0.026729345321655273
0.028082609176635742
0.029341936111450195
0.026736021041870117
0.027613401412963867
0.024683713912963867
0.02350139617919922
0.03180074691772461
0.024506568908691406
0.027269840240478516
0.03721427917480469
0.027005672454833984
0.028329133987426758
0.026571989059448242
0.026286840438842773
0.02641773223876953
0.028649330139160156
0.027127504348754883
0.02710723876953125
0.027066946029663086
0.026589393615722656
0.025687217712402344
0.028049230575561523
0.027946949005126953
0.030483722686767578
0.03234529495239258
0.02995920181274414
0.032831430435180664
0.030028820037841797
0.03290724754333496
0.03290152549743652
0.030173063278198242
0.029688358306884766
0.02839350700378418
0.02496027946472168
0.02713632583618164
0.025458335876464844
0.022516489028930664
0.025702238082885742
0.028089046478271484
0.022958755493164062
0.02156543731689453
0.029791593551635742
0.033592939376831055
0.03078484535217285
0.03280901908874512
0.03902482986450195
0.03888821601867676
0.032029151916503906
0.02532029151916504
0.026236534118652344
0.03872203826904297
0.03867697715759277
0.035613298416137695
0.035264015197753906
0.027119159698486328
0.027944087982177734
0.02923107147216797
0.029491424560546875
0.029079914093017578
0.03196096420288086
0.025255441665649414
0.02522563934326172
0.02172541618347168
0.029644250869750977
0.029222965240478516
0.030294418334960938
0.029299497604370117
0.029839515686035156
0.031203746795654297
0.028908252716064453
0.025359630584716797
0.021973609924316406
0.021715402603149414
0.023300886154174805
0.02334761619567871
0.02105402946472168
0.02344536781311035
0.023676395416259766
0.021471023559570312
$www.craigslist.org
0.022495031356811523
0.026015043258666992
0.03947949409484863
0.032236337661743164
0.033211469650268555
0.03374004364013672
0.03981375694274902
0.03572726249694824
0.02937936782836914
0.03130507469177246
0.03197050094604492
0.02815103530883789
0.028599262237548828
0.02690434455871582
0.03011345863342285
0.024923086166381836
0.026059389114379883
0.025290966033935547
0.027680158615112305
0.02556467056274414
0.02513885498046875
0.0249176025390625
0.025046110153198242
0.025214433670043945
0.025490760803222656
0.025467395782470703
0.028285503387451172
0.03035712242126465
0.03169131278991699
0.029587268829345703
0.030666589736938477
0.03040480613708496
0.032053470611572266
0.03314065933227539
0.030575275421142578
0.029284954071044922
0.029019832611083984
0.029463529586791992
0.029448270797729492
0.027787208557128906
0.02516770362854004
0.0256502628326416
0.026029109954833984
0.02523064613342285
0.025684356689453125
0.02539229393005371
0.025974273681640625
0.025426387786865234
0.025584697723388672
0.027027130126953125
0.029737234115600586
0.027942895889282227
0.024406909942626953
0.02611708641052246
0.02537083625793457
0.03700733184814453
0.024826526641845703
0.02587294578552246
0.026412010192871094
0.026049375534057617
0.02635335922241211
0.025903701782226562
0.02860236167907715
0.030582427978515625
0.030282020568847656
0.030231237411499023
0.03024148941040039
0.029547929763793945
0.029147863388061523
0.029698848724365234
0.029312849044799805
0.029049158096313477
0.029603958129882812
0.029741525650024414
0.029645442962646484
0.029654264450073242
0.028969526290893555
0.029284238815307617
0.02921295166015625
0.02937173843383789
0.029261112213134766
0.029181480407714844
0.029720306396484375
0.028821706771850586
0.02527332305908203
0.02556586265563965
0.02539682388305664
0.025990724563598633
0.025206804275512695
0.025283098220825195
0.02628350257873535
0.02636885643005371
0.024716854095458984
0.027386188507080078
0.023573637008666992
0.02535080909729004
0.03844022750854492
0.03449869155883789
0.032573699951171875
0.034009456634521484
$www.tumblr.com
0.05674624443054199
0.055904388427734375
0.05674910545349121
0.056441307067871094
0.06145787239074707
0.06070089340209961
0.05916452407836914
0.053629398345947266
0.05328512191772461
0.05329751968383789
0.05347275733947754
0.05202889442443848
0.0538485050201416
0.05548739433288574
0.05317068099975586
0.05266857147216797
0.05477094650268555
0.05566668510437012
0.053229331970214844
0.04902529716491699
0.04381155967712402
0.06432294845581055
0.06532931327819824
0.05891871452331543
0.06686043739318848
0.051848649978637695
0.05726814270019531
0.04727792739868164
0.0557866096496582
0.05289745330810547
0.0525972843170166
0.05385875701904297
0.053151845932006836
0.05294084548950195
0.052872419357299805
0.05545973777770996
0.06112313270568848
0.05832529067993164
0.05453133583068848
0.061879873275756836
0.058957576751708984
0.056459903717041016
0.06470799446105957
0.055533647537231445
0.057566165924072266
0.05743002891540527
0.057677268981933594
0.06165194511413574
0.061959028244018555
0.05749869346618652
0.05527448654174805
0.0520024299621582
0.06116461753845215
0.053621530532836914
0.05105185508728027
0.05172610282897949
0.05889701843261719
0.060929059982299805
0.0589451789855957
0.05909156799316406
0.05854153633117676
0.05868959426879883
0.05905008316040039
0.0583956241607666
0.0593109130859375
0.05905485153198242
0.0593562126159668
0.05922293663024902
0.05645561218261719
0.05456733703613281
0.05379056930541992
0.05646324157714844
0.055072784423828125
0.05462050437927246
0.05497145652770996
0.054857492446899414
0.05458498001098633
0.0558321475982666
0.0565342903137207
0.056456565856933594
0.05578160285949707
0.053209543228149414
0.05276894569396973
0.0659170150756836
0.061948299407958984
0.052890777587890625
0.05312395095825195
0.05252838134765625
0.05751347541809082
0.05893659591674805
0.0615239143371582
0.05507826805114746
0.053395748138427734
0.05263042449951172
0.05268359184265137
0.05422258377075195
0.05429863929748535
0.058072566986083984
0.06302690505981445
0.059098005294799805
$www.paypal.com
0.12381982803344727
0.12006425857543945
0.12568426132202148
0.12879371643066406
0.12604045867919922
0.13077497482299805
0.11006999015808105
0.09100914001464844
0.09021449089050293
0.0876774787902832
0.09022760391235352
0.08726811408996582
0.08899068832397461
0.09185910224914551
0.09418344497680664
0.09526920318603516
0.10581636428833008
0.11260819435119629
0.1117544174194336
0.11664080619812012
0.11854267120361328
0.11230993270874023
0.10901618003845215
0.11478710174560547
0.11170363426208496
0.13309597969055176
0.11894464492797852
0.12379240989685059
0.12451720237731934
0.1248621940612793
0.13222599029541016
0.11643481254577637
0.11717915534973145
0.13039207458496094
0.12810730934143066
0.135667085647583
0.13079190254211426
0.1288304328918457
0.1287245750427246
0.1288304328918457
0.1266651153564453
0.13012385368347168
0.1366875171661377
0.12584900856018066
0.12612318992614746
0.12072205543518066
0.11588573455810547
0.12358832359313965
0.14613986015319824
0.11834287643432617
0.11305904388427734
0.11133241653442383
0.10819363594055176
0.10875248908996582
0.10692262649536133
0.08905816078186035
0.0957183837890625
0.11242461204528809
0.12967395782470703
0.09749412536621094
0.09599161148071289
0.09388089179992676
0.09336709976196289
0.09523963928222656
0.09705114364624023
0.09506726264953613
0.09488034248352051
0.09537768363952637
0.09447765350341797
0.09514355659484863
0.09293961524963379
0.09492373466491699
0.09481596946716309
0.09368062019348145
0.09380054473876953
0.1048882007598877
0.11700105667114258
0.11270618438720703
0.11260175704956055
0.11207222938537598
0.11118578910827637
0.1135871410369873
0.0979311466217041
0.09622335433959961
0.10744714736938477
0.13134169578552246
0.12723898887634277
0.13271164894104004
0.1307542324066162
0.1312718391418457
0.1302783489227295
0.12914395332336426
0.12855148315429688
0.1396794319152832
0.1400444507598877
0.12726950645446777
0.12523674964904785
0.13484954833984375
0.13026714324951172
0.1317284107208252
$www.cnn.com
0.5183477401733398
0.4919393062591553
0.45703935623168945
0.46805429458618164
0.473268985748291
0.4565911293029785
0.39967942237854004
0.4022552967071533
0.3988196849822998
0.3839547634124756
0.35755276679992676
0.42914843559265137
0.4261634349822998
0.41771721839904785
0.4213550090789795
0.434786319732666
0.3492870330810547
0.3549020290374756
0.3645808696746826
0.3607659339904785
0.35663342475891113
0.3764991760253906
0.47351813316345215
0.3985772132873535
0.4703078269958496
0.4637484550476074
0.43511414527893066
0.38506078720092773
0.4029242992401123
0.44109153747558594
0.5259075164794922
0.5167543888092041
0.525428295135498
0.4437751770019531
0.36106324195861816
0.3726766109466553
0.36777329444885254
0.3579981327056885
0.35016298294067383
0.34763360023498535
0.3547017574310303
0.35026049613952637
0.3609170913696289
0.38541722297668457
0.41720080375671387
0.41718411445617676
0.513300895690918
0.5277502536773682
0.5025317668914795
0.46392250061035156
0.4601149559020996
0.4274437427520752
0.36398768424987793
0.35645318031311035
0.355090856552124
0.3676590919494629
0.3759646415710449
0.48856139183044434
0.49416446685791016
0.470400333404541
0.4855642318725586
0.4678826332092285
0.49640655517578125
0.47777771949768066
0.39670848846435547
0.4066047668457031
0.40895843505859375
0.384019136428833
0.3868427276611328
0.5299825668334961
0.5021162033081055
0.4433469772338867
0.35100650787353516
0.3480544090270996
0.33412885665893555
0.34711313247680664
0.38389086723327637
0.5170106887817383
0.5110995769500732
0.44024062156677246
0.43890833854675293
0.39713573455810547
0.4444570541381836
0.4545433521270752
0.5190236568450928
0.5229251384735107
0.55045485496521
0.500922679901123
0.4778575897216797
0.4930570125579834
0.47769999504089355
0.5022118091583252
0.4174349308013916
0.45302581787109375
0.49313807487487793
0.46475839614868164
0.3594019412994385
0.36131930351257324
0.3506441116333008
0.3769261837005615
$www.nytimes.com
0.8866946697235107
0.884063720703125
0.6755232810974121
0.6602890491485596
0.7683415412902832
0.783987283706665
0.858539342880249
0.829660177230835
0.6852145195007324
0.7887647151947021
0.8175091743469238
0.7504541873931885
0.8510510921478271
0.7952566146850586
0.7530698776245117
0.7020173072814941
0.7481062412261963
0.6021387577056885
0.6135110855102539
0.5966353416442871
0.674558162689209
0.6841111183166504
0.695274829864502
0.798661470413208
0.6667599678039551
0.7055196762084961
0.6076328754425049
0.6167764663696289
0.8407735824584961
0.8462851047515869
0.8192439079284668
0.7548010349273682
0.6700284481048584
0.6826353073120117
0.7471029758453369
0.8309557437896729
0.905118465423584
0.8839390277862549
0.7686347961425781
0.743488073348999
0.8449110984802246
0.9124164581298828
0.6917407512664795
0.8427209854125977
0.8390977382659912
0.7916836738586426
0.688633918762207
0.7941155433654785
0.8961153030395508
0.8968226909637451
0.7919716835021973
0.8603956699371338
0.8275647163391113
0.8092026710510254
0.8145906925201416
0.7151353359222412
0.5908150672912598
0.8732824325561523
0.7563717365264893
0.7493414878845215
0.8318169116973877
0.7081899642944336
0.6754240989685059
0.7266066074371338
0.9014678001403809
0.9195177555084229
0.8943464756011963
0.7101428508758545
0.6711020469665527
0.6790339946746826
0.7813014984130859
0.7153723239898682
0.8632292747497559
0.9444751739501953
0.8646917343139648
0.7719244956970215
0.8919062614440918
0.8487429618835449
0.8251910209655762
0.6476962566375732
0.610314130783081
0.586993932723999
0.5879006385803223
0.595919132232666
0.6067705154418945
0.6971099376678467
0.7979905605316162
0.8889596462249756
0.7963864803314209
0.7554428577423096
0.6053609848022461
0.6200978755950928
0.6055412292480469
0.6240904331207275
0.8729183673858643
0.753847599029541
0.6221919059753418
0.7360868453979492
0.7772989273071289
0.7758121490478516
$www.imbd.com
0.026400089263916016
0.02701878547668457
0.028560161590576172
0.028301239013671875
0.026904582977294922
0.026286840438842773
0.025963306427001953
0.025865554809570312
0.026274919509887695
0.02649688720703125
0.02644515037536621
0.027394771575927734
0.025063037872314453
0.02613091468811035
0.026885986328125
0.026317358016967773
0.02645277976989746
0.034322261810302734
0.031970977783203125
0.02299332618713379
0.023656368255615234
0.02910137176513672
0.023662328720092773
0.02760481834411621
0.039736270904541016
0.03229880332946777
0.03284740447998047
0.031152725219726562
0.02888798713684082
0.023984909057617188
0.023822784423828125
0.023324012756347656
0.024893760681152344
0.023451805114746094
0.023319244384765625
0.025432109832763672
0.025098323822021484
0.024462461471557617
0.026541471481323242
0.02342844009399414
0.0240023136138916
0.025568485260009766
0.02431511878967285
0.024232864379882812
0.024183273315429688
0.02386188507080078
0.023673295974731445
0.02436089515686035
0.023723602294921875
0.02387213706970215
0.02509903907775879
0.025292634963989258
0.025704383850097656
0.02357006072998047
0.0238034725189209
0.024377822875976562
0.024286270141601562
0.0281827449798584
0.02294301986694336
0.024415016174316406
0.02257513999938965
0.02394700050354004
0.026332616806030273
0.02569437026977539
0.028599977493286133
0.023861169815063477
0.02394866943359375
0.023941993713378906
0.024615049362182617
0.02543330192565918
0.026258468627929688
0.025014877319335938
0.024106264114379883
0.023739337921142578
0.02347254753112793
0.025020360946655273
0.02709221839904785
0.02725958824157715
0.026530027389526367
0.024486541748046875
0.02350783348083496
0.023892641067504883
0.02365875244140625
0.023957490921020508
0.023758649826049805
0.024019479751586914
0.023844003677368164
0.023861169815063477
0.024719953536987305
0.02436661720275879
0.02374720573425293
0.023893117904663086
0.023683786392211914
0.0244140625
0.024499177932739258
0.024297714233398438
0.025087356567382812
0.02434992790222168
0.024399518966674805
0.02502131462097168
$www.espn.com
0.28049159049987793
0.3024132251739502
0.3158717155456543
0.30368876457214355
0.3189880847930908
0.292877197265625
0.28798675537109375
0.2999434471130371
0.28226327896118164
0.263685941696167
0.28120994567871094
0.25594258308410645
0.3125746250152588
0.3043804168701172
0.27597475051879883
0.21591496467590332
0.2129361629486084
0.2161407470703125
0.21432256698608398
0.21500396728515625
0.21363043785095215
0.21286797523498535
0.20905804634094238
0.21337294578552246
0.30645203590393066
0.31186914443969727
0.30998778343200684
0.3035147190093994
0.30493831634521484
0.31250739097595215
0.3134279251098633
0.31790685653686523
0.3125448226928711
0.29563164710998535
0.28537535667419434
0.2843456268310547
0.2868208885192871
0.2922637462615967
0.28389954566955566
0.29858851432800293
0.28502774238586426
0.2406291961669922
0.22467732429504395
0.2180318832397461
0.21541929244995117
0.2221059799194336
0.30465054512023926
0.30766844749450684
0.238938570022583
0.2664964199066162
0.2763352394104004
0.24424052238464355
0.23802661895751953
0.24207162857055664
0.23266196250915527
0.2372884750366211
0.24379897117614746
0.2386636734008789
0.23313045501708984
0.2348170280456543
0.24743056297302246
0.2589704990386963
0.2495589256286621
0.24787425994873047
0.23537015914916992
0.23922395706176758
0.231428861618042
0.2778630256652832
0.32289648056030273
0.2737390995025635
0.3234131336212158
0.2976343631744385
0.26021242141723633
0.3227372169494629
0.22578859329223633
0.21503353118896484
0.22150039672851562
0.21127915382385254
0.2133486270904541
0.21039748191833496
0.21269011497497559
0.275402307510376
0.299344539642334
0.28127622604370117
0.3207437992095947
0.312058687210083
0.33335351943969727
0.2875375747680664
0.31699490547180176
0.31431055068969727
0.29671311378479004
0.2783169746398926
0.279632568359375
0.2818167209625244
0.2786684036254883
0.2684292793273926
0.2803826332092285
0.29296374320983887
0.32526683807373047
0.32041049003601074
$www.office.com
0.11965084075927734
0.11584115028381348
0.1169745922088623
0.11633086204528809
0.11921954154968262
0.11644458770751953
0.11676025390625
0.12804532051086426
0.12572479248046875
0.1073915958404541
0.0936286449432373
0.10047364234924316
0.10856294631958008
0.10529327392578125
0.10363364219665527
0.10572528839111328
0.09145355224609375
0.09652376174926758
0.11451864242553711
0.1093130111694336
0.10694026947021484
0.1058344841003418
0.10460114479064941
0.10487604141235352
0.11067795753479004
0.10401749610900879
0.10518598556518555
0.10503435134887695
0.10638594627380371
0.10473060607910156
0.10900378227233887
0.10423922538757324
0.11733102798461914
0.11606478691101074
0.11716175079345703
0.11696338653564453
0.12341475486755371
0.1253809928894043
0.11894702911376953
0.11746573448181152
0.1172647476196289
0.11725592613220215
0.11711883544921875
0.12360739707946777
0.10351777076721191
0.11009502410888672
0.10322999954223633
0.10475873947143555
0.10729384422302246
0.10141992568969727
0.10447382926940918
0.10524320602416992
0.10471129417419434
0.11817169189453125
0.3765685558319092
0.08854341506958008
0.08217668533325195
0.08345675468444824
0.08183646202087402
0.08298468589782715
0.08240890502929688
0.10080933570861816
0.10387301445007324
0.1121518611907959
0.11598753929138184
0.11519074440002441
0.11612248420715332
0.11636853218078613
0.12335896492004395
0.11828494071960449
0.11757254600524902
0.12410545349121094
0.12031245231628418
0.10572600364685059
0.10338282585144043
0.11661243438720703
0.1037130355834961
0.09151148796081543
0.09104371070861816
0.08799481391906738
0.08887743949890137
0.08894467353820801
0.0949866771697998
0.08946752548217773
0.08956193923950195
0.08948493003845215
0.09002089500427246
0.11087751388549805
0.09563708305358887
0.10346674919128418
0.09544539451599121
0.09179115295410156
0.09087991714477539
0.08928918838500977
0.08925104141235352
0.10115957260131836
0.1063086986541748
0.10950779914855957
0.10924434661865234
0.11415982246398926
$www.dropbox.com
0.3782351016998291
0.3230609893798828
0.31032609939575195
0.35738444328308105
0.3106496334075928
0.3596963882446289
0.35266900062561035
0.33731746673583984
0.28783226013183594
0.3448920249938965
0.34935879707336426
0.3461415767669678
0.32106852531433105
0.3147764205932617
0.3203728199005127
0.37431788444519043
0.29561853408813477
0.31891465187072754
0.2859988212585449
0.2670562267303467
0.26413989067077637
0.27544212341308594
0.2744150161743164
0.2752699851989746
0.2700679302215576
0.26229381561279297
0.260908842086792
0.2917819023132324
0.3657679557800293
0.3048560619354248
0.344254732131958
0.3516359329223633
0.3438394069671631
0.29765987396240234
0.28824901580810547
0.32692980766296387
0.23819804191589355
0.23555588722229004
0.24803614616394043
0.24002432823181152
0.24761033058166504
0.26020026206970215
0.3393852710723877
0.3305685520172119
0.35729336738586426
0.3606112003326416
0.35788631439208984
0.34832048416137695
0.39695072174072266
0.32498860359191895
0.3056910037994385
0.2567265033721924
0.2550222873687744
0.24273920059204102
0.24061870574951172
0.2591853141784668
0.25139570236206055
0.23839855194091797
0.23917818069458008
0.23740339279174805
0.23992657661437988
0.24717450141906738
0.3611726760864258
0.3638916015625
0.32221484184265137
0.3844630718231201
0.3715031147003174
0.30806398391723633
0.2673604488372803
0.29418063163757324
0.35897397994995117
0.25620388984680176
0.25275540351867676
0.23727631568908691
0.24927735328674316
0.26579856872558594
0.2735278606414795
0.2738335132598877
0.27228593826293945
0.29189372062683105
0.36298489570617676
0.3299367427825928
0.35640525817871094
0.34478259086608887
0.2757134437561035
0.2780609130859375
0.2776832580566406
0.26331114768981934
0.2682218551635742
0.2690861225128174
0.2776176929473877
0.27550554275512695
0.2730593681335449
0.26876068115234375
0.2657489776611328
0.27541589736938477
0.2674531936645508
0.26592040061950684
0.27193355560302734
0.266160249710083
$www.purdue.edu
0.045146942138671875
0.04023599624633789
0.04265427589416504
0.04448866844177246
0.04147768020629883
0.05838799476623535
0.06073141098022461
0.055472373962402344
0.057961463928222656
0.05243062973022461
0.04597830772399902
0.04351639747619629
0.04396224021911621
0.03987836837768555
0.04643845558166504
0.038161516189575195
0.037885189056396484
0.05510830879211426
0.04001760482788086
0.042055606842041016
0.04205632209777832
0.04088139533996582
0.042595624923706055
0.04023098945617676
0.05547833442687988
0.039934396743774414
0.04340553283691406
0.03735613822937012
0.050397396087646484
0.038141489028930664
0.04274249076843262
0.04158496856689453
0.059664249420166016
0.05783557891845703
0.05274343490600586
0.055755615234375
0.05208849906921387
0.05160260200500488
0.05110883712768555
0.056824445724487305
0.05586957931518555
0.05241870880126953
0.05224037170410156
0.05338788032531738
0.056446075439453125
0.05359697341918945
0.05425715446472168
0.05207061767578125
0.05148768424987793
0.05150771141052246
0.05116891860961914
0.05280900001525879
0.05209207534790039
0.05144667625427246
0.039048194885253906
0.03769731521606445
0.038659095764160156
0.03806948661804199
0.03696942329406738
0.03794693946838379
0.03377175331115723
0.03867959976196289
0.03822684288024902
0.037935733795166016
0.03765511512756348
0.03879427909851074
0.03812074661254883
0.03944587707519531
0.039994239807128906
0.03782010078430176
0.03648519515991211
0.03943490982055664
0.03792309761047363
0.03834056854248047
0.03782844543457031
0.03651762008666992
0.038974761962890625
0.03826022148132324
0.03976154327392578
0.03743314743041992
0.04012107849121094
0.03993868827819824
0.03698015213012695
0.03982281684875488
0.03853654861450195
0.0412900447845459
0.046948909759521484
0.04777050018310547
0.046976566314697266
0.03970003128051758
0.050731658935546875
0.04132866859436035
0.040525197982788086
0.039713144302368164
0.04030895233154297
0.04032015800476074
0.040784597396850586
0.04093360900878906
0.03983044624328613
0.03969097137451172
